Tags/Keyword
"meticore reviews"
"meticore real reviews"
"meticore customer reviews"
"meticore supplement reviews"
"meticore review"
"meticore supplement review"
"meticore customer review"
"real meticore reviews"
"meticore weight loss review"
"meticore honest reviews"
"meticore honest review"
meticore
"meticore scam"
"meticore weight loss"
"meticore supplement"
"meticore ingredients"
"does meticore work?"
"meticore side effects"
"meticore weight loss supplement"
"meticore review 2021"
"meticore discount"
